# Created by Octave 3.8.2, Mon Jun 20 00:35:33 2016 CST <luisf@debian>
# name: y
# type: bool matrix
# rows: 20
# columns: 1
 0
 0
 1
 0
 0
 1
 1
 0
 1
 0
 0
 0
 1
 0
 1
 1
 0
 0
 1
 0


